Results for SVC_BoW: accuracy=0.46404963608161315
              precision    recall  f1-score   support

           1       0.64      0.78      0.70      7120
           2       0.32      0.85      0.46      3589
           3       0.36      0.85      0.51      3473
           4       0.48      0.80      0.60      1980
           5       0.53      0.82      0.65      1963
           6       0.46      0.67      0.55      1269
           7       0.52      0.77      0.62      1268
           8       0.27      0.63      0.38      1198
           9       0.55      0.69      0.61      1016
          10       0.97      0.07      0.14     19029

    accuracy                           0.46     41905
   macro avg       0.51      0.69      0.52     41905
weighted avg       0.70      0.46      0.38     41905

--------------------------------------------------
Results for MultinomialNB_BoW: accuracy=0.5621763512707314
              precision    recall  f1-score   support

           1       0.67      0.79      0.73      7120
           2       0.47      0.71      0.57      3589
           3       0.53      0.76      0.62      3473
...
   macro avg       0.50      0.72      0.56     41905
weighted avg       0.68      0.56      0.55     41905

--------------------------------------------------
