Results for SVC_BoW: accuracy=0.46693711967545637
              precision    recall  f1-score   support

           1       0.64      0.78      0.70      7120
           2       0.33      0.83      0.47      3589
           3       0.37      0.85      0.51      3473
           4       0.48      0.80      0.60      1980
           5       0.52      0.82      0.64      1963
           6       0.46      0.67      0.55      1269
           7       0.51      0.77      0.62      1268
           8       0.26      0.64      0.37      1198
           9       0.53      0.70      0.60      1016
          10       0.96      0.08      0.15     19029

    accuracy                           0.47     41905
   macro avg       0.51      0.70      0.52     41905
weighted avg       0.70      0.47      0.39     41905

--------------------------------------------------
Results for MultinomialNB_BoW: accuracy=0.5601479537048085
              precision    recall  f1-score   support

           1       0.67      0.79      0.73      7120
           2       0.47      0.71      0.57      3589
           3       0.53      0.75      0.62      3473
...
   macro avg       0.50      0.72      0.56     41905
weighted avg       0.68      0.56      0.55     41905

--------------------------------------------------
rosrus MLP_BoW testing0.3688342679871137
--------------------------------------------------
rosrus HMM_BoW testing=0.1699081255220141