Results for SVC_BoW: accuracy=0.45715308435747526
              precision    recall  f1-score   support

           1       0.64      0.77      0.70      7120
           2       0.32      0.84      0.46      3589
           3       0.36      0.85      0.50      3473
           4       0.46      0.79      0.58      1980
           5       0.53      0.82      0.64      1963
           6       0.47      0.66      0.55      1269
           7       0.52      0.76      0.62      1268
           8       0.26      0.63      0.37      1198
           9       0.53      0.68      0.59      1016
          10       0.97      0.07      0.13     19029

    accuracy                           0.46     41905
   macro avg       0.50      0.69      0.51     41905
weighted avg       0.70      0.46      0.37     41905

--------------------------------------------------
Results for MultinomialNB_BoW: accuracy=0.559026369168357
              precision    recall  f1-score   support

           1       0.67      0.79      0.73      7120
           2       0.45      0.74      0.56      3589
           3       0.54      0.76      0.63      3473
...
   macro avg       0.50      0.72      0.56     41905
weighted avg       0.67      0.56      0.54     41905

--------------------------------------------------
