Results for SVC_BoW: accuracy=0.6615439685001789
              precision    recall  f1-score   support

           1       0.73      0.78      0.76      7120
           2       0.43      0.80      0.56      3589
           3       0.57      0.76      0.65      3473
           4       0.68      0.75      0.71      1980
           5       0.69      0.79      0.73      1963
           6       0.73      0.62      0.67      1269
           7       0.59      0.74      0.66      1268
           8       0.42      0.53      0.47      1198
           9       0.64      0.63      0.63      1016
          10       0.79      0.56      0.66     19029

    accuracy                           0.66     41905
   macro avg       0.63      0.70      0.65     41905
weighted avg       0.70      0.66      0.66     41905

--------------------------------------------------
Results for MultinomialNB_BoW: accuracy=0.6737859443980432
              precision    recall  f1-score   support

           1       0.71      0.78      0.74      7120
           2       0.63      0.47      0.54      3589
           3       0.65      0.63      0.64      3473
...
   macro avg       0.73      0.50      0.56     41905
weighted avg       0.69      0.67      0.66     41905


--------------------------------------------------
Results for MLP Testing: accuracy=0.5827228254384919
              precision    recall  f1-score   support

           1       0.68      0.64      0.66      7120
           2       0.56      0.22      0.32      3589
           3       0.53      0.27      0.36      3473
           4       0.62      0.26      0.36      1980
           5       0.70      0.50      0.59      1963
           6       0.68      0.20      0.31      1269
           7       0.67      0.26      0.37      1268
           8       0.65      0.05      0.09      1198
           9       0.35      0.01      0.01      1016
          10       0.56      0.84      0.67     19029

    accuracy                           0.58     41905
   macro avg       0.60      0.32      0.37     41905
weighted avg       0.59      0.58      0.54     41905

Results for MLP Training: accuracy=0.5906715349369989
--------------------------------------------------
Results for HMM Testing: accuracy=0.05956329793580718
Results for HMM Training: accuracy=0.05982722413134784