Results for SVC_BoW: accuracy=0.6615439685001789
              precision    recall  f1-score   support

           1       0.73      0.78      0.76      7120
           2       0.43      0.80      0.56      3589
           3       0.57      0.76      0.65      3473
           4       0.68      0.75      0.71      1980
           5       0.69      0.79      0.73      1963
           6       0.73      0.62      0.67      1269
           7       0.59      0.74      0.66      1268
           8       0.42      0.53      0.47      1198
           9       0.64      0.63      0.63      1016
          10       0.79      0.56      0.66     19029

    accuracy                           0.66     41905
   macro avg       0.63      0.70      0.65     41905
weighted avg       0.70      0.66      0.66     41905

--------------------------------------------------
Results for MultinomialNB_BoW: accuracy=0.6737859443980432
              precision    recall  f1-score   support

           1       0.71      0.78      0.74      7120
           2       0.63      0.47      0.54      3589
           3       0.65      0.63      0.64      3473
...
   macro avg       0.73      0.50      0.56     41905
weighted avg       0.69      0.67      0.66     41905

--------------------------------------------------
Results for MLP Testing: accuracy=0.5851807660183749
              precision    recall  f1-score   support

           1       0.68      0.64      0.66      7120
           2       0.54      0.25      0.34      3589
           3       0.55      0.29      0.38      3473
           4       0.61      0.28      0.38      1980
           5       0.69      0.52      0.59      1963
           6       0.74      0.18      0.29      1269
           7       0.62      0.27      0.38      1268
           8       0.73      0.05      0.09      1198
           9       0.40      0.02      0.03      1016
          10       0.56      0.83      0.67     19029

    accuracy                           0.59     41905
   macro avg       0.61      0.33      0.38     41905
weighted avg       0.59      0.59      0.55     41905

Results for MLP Training: accuracy=0.5962437953417334
--------------------------------------------------
Results for HMM Testing: accuracy=0.06299964204748837
Results for HMM Training: accuracy=0.06450458190148912