Results for SVC_BoW: accuracy=0.6614007874955256
              precision    recall  f1-score   support

           1       0.73      0.79      0.76      7120
           2       0.44      0.79      0.57      3589
           3       0.56      0.77      0.65      3473
           4       0.66      0.75      0.71      1980
           5       0.68      0.79      0.73      1963
           6       0.71      0.62      0.66      1269
           7       0.58      0.75      0.66      1268
           8       0.41      0.55      0.47      1198
           9       0.63      0.63      0.63      1016
          10       0.80      0.55      0.65     19029

    accuracy                           0.66     41905
   macro avg       0.62      0.70      0.65     41905
weighted avg       0.70      0.66      0.66     41905

--------------------------------------------------
Results for MultinomialNB_BoW: accuracy=0.6731177663763274
              precision    recall  f1-score   support

           1       0.71      0.78      0.74      7120
           2       0.63      0.49      0.55      3589
           3       0.65      0.64      0.65      3473
...
   macro avg       0.72      0.51      0.57     41905
weighted avg       0.68      0.67      0.66     41905

--------------------------------------------------
Results for MLP Testing: accuracy=0.5862307600524997
               precision    recall  f1-score   support

           1       0.69      0.64      0.66      7120
           2       0.59      0.23      0.33      3589
           3       0.50      0.32      0.39      3473
           4       0.67      0.27      0.39      1980
           5       0.73      0.49      0.59      1963
           6       0.77      0.17      0.28      1269
           7       0.60      0.29      0.39      1268
           8       0.64      0.05      0.09      1198
           9       0.64      0.02      0.03      1016
          10       0.56      0.84      0.67     19029

    accuracy                           0.59     41905
   macro avg       0.64      0.33      0.38     41905
weighted avg       0.60      0.59      0.55     41905

Results for MLP Training: accuracy=0.596446639938908
--------------------------------------------------
Results for HMM Testing: accuracy=0.08564610428349839
Results for HMM Training: accuracy=0.08564814814814815