Results for SVM Training: accuracy=0.21854314553568754
Results for SVM Testing: accuracy=0.20672097759674135
              precision    recall  f1-score   support

           1       0.18      0.23      0.20      2000
           2       0.23      0.43      0.30      2000
           3       0.19      0.27      0.23      2000
           4       0.21      0.42      0.29      1980
           5       0.22      0.31      0.26      1963
           6       0.11      0.00      0.00      1269
           7       0.28      0.01      0.02      1268
           8       0.11      0.00      0.00      1198
           9       0.50      0.00      0.01      1016
          10       0.15      0.07      0.10      2000

    accuracy                           0.21     16694
   macro avg       0.22      0.17      0.14     16694
weighted avg       0.21      0.21      0.16     16694

--------------------------------------------------
Results for MultinomialNB Training: accuracy=0.1767154880642166
Results for MultinomialNB Testing: accuracy=0.1759913741463999
              precision    recall  f1-score   support

           1       0.18      0.13      0.15      2000
           2       0.19      0.41      0.26      2000
           3       0.18      0.27      0.22      2000
           4       0.17      0.41      0.24      1980
           5       0.18      0.11      0.13      1963
           6       0.10      0.01      0.01      1269
           7       0.12      0.01      0.02      1268
           8       0.11      0.03      0.05      1198
           9       0.11      0.02      0.03      1016
          10       0.16      0.10      0.12      2000

    accuracy                           0.18     16694
   macro avg       0.15      0.15      0.12     16694
weighted avg       0.16      0.18      0.14     16694

--------------------------------------------------
Results for MLP Training: accuracy=0.21526342588432623
Results for MLP Testing: accuracy=0.20779920929675333
              precision    recall  f1-score   support

           1       0.19      0.20      0.20      2000
           2       0.23      0.45      0.31      2000
           3       0.19      0.31      0.24      2000
           4       0.23      0.34      0.27      1980
           5       0.21      0.38      0.27      1963
           6       0.00      0.00      0.00      1269
           7       0.17      0.00      0.01      1268
           8       0.00      0.00      0.00      1198
           9       0.00      0.00      0.00      1016
          10       0.14      0.07      0.09      2000

    accuracy                           0.21     16694
   macro avg       0.14      0.17      0.14     16694
weighted avg       0.15      0.21      0.16     16694

--------------------------------------------------
Results for HMM Training: accuracy=0.11784526911672208
Results for HMM Testing: accuracy=0.11980352222355337