Results for SVM Training: accuracy=0.2318866624734178
Results for SVM Testing: accuracy=0.23487480531927638
              precision    recall  f1-score   support

           1       0.29      0.36      0.32      2000
           2       0.19      0.81      0.31      2000
           3       0.28      0.41      0.33      2000
           4       0.28      0.23      0.25      1980
           5       0.25      0.14      0.18      1963
           6       0.00      0.00      0.00      1269
           7       0.00      0.00      0.00      1268
           8       0.25      0.00      0.00      1198
           9       0.23      0.01      0.01      1016
          10       0.21      0.00      0.01      2000

    accuracy                           0.23     16694
   macro avg       0.20      0.20      0.14     16694
weighted avg       0.21      0.23      0.17     16694

--------------------------------------------------
Results for MultinomialNB Training: accuracy=0.15670770060203074
Results for MultinomialNB Testing: accuracy=0.15832035461842578
              precision    recall  f1-score   support

           1       0.11      0.59      0.19      2000
           2       0.12      0.09      0.10      2000
           3       0.28      0.38      0.32      2000
           4       0.30      0.21      0.25      1980
           5       0.42      0.04      0.07      1963
           6       0.12      0.00      0.00      1269
           7       0.20      0.01      0.02      1268
           8       0.12      0.00      0.00      1198
           9       0.14      0.04      0.06      1016
          10       0.00      0.00      0.00      2000

    accuracy                           0.16     16694
   macro avg       0.18      0.13      0.10     16694
weighted avg       0.19      0.16      0.12     16694

--------------------------------------------------
Results for MLP Training: accuracy=0.23061371192380267
Results for MLP Testing: accuracy=0.23391637714148797
              precision    recall  f1-score   support

           1       0.28      0.35      0.31      2000
           2       0.19      0.83      0.31      2000
           3       0.28      0.42      0.34      2000
           4       0.31      0.21      0.25      1980
           5       0.24      0.14      0.18      1963
           6       0.00      0.00      0.00      1269
           7       0.00      0.00      0.00      1268
           8       0.40      0.00      0.00      1198
           9       0.08      0.00      0.00      1016
          10       0.22      0.00      0.01      2000

    accuracy                           0.23     16694
   macro avg       0.20      0.20      0.14     16694
weighted avg       0.22      0.23      0.17     16694

--------------------------------------------------
Results for HMM Training: accuracy=0.0818881600622997
Results for HMM Testing: accuracy=0.08482089373427579