Results for SVM Training: accuracy=0.3147384615384615
Results for SVM Testing: accuracy=0.16618541940102613
              precision    recall  f1-score   support

           1       0.32      0.22      0.26      7120
           2       0.22      0.38      0.28      3589
           3       0.18      0.28      0.22      3473
           4       0.12      0.32      0.18      1980
           5       0.16      0.28      0.21      1963
           6       0.06      0.14      0.09      1269
           7       0.10      0.35      0.16      1268
           8       0.06      0.12      0.08      1198
           9       0.04      0.25      0.07      1016
          10       0.59      0.05      0.09     19029

    accuracy                           0.17     41905
   macro avg       0.19      0.24      0.16     41905
weighted avg       0.38      0.17      0.16     41905

--------------------------------------------------
Results for MultinomialNB Training: accuracy=0.17443076923076922
Results for MultinomialNB Testing: accuracy=0.11721751580956927
              precision    recall  f1-score   support

           1       0.29      0.17      0.21      7120
           2       0.15      0.32      0.21      3589
           3       0.14      0.20      0.16      3473
           4       0.10      0.19      0.13      1980
           5       0.10      0.14      0.12      1963
           6       0.05      0.13      0.07      1269
           7       0.06      0.13      0.08      1268
           8       0.04      0.04      0.04      1198
           9       0.03      0.34      0.06      1016
          10       0.56      0.02      0.05     19029

    accuracy                           0.12     41905
   macro avg       0.15      0.17      0.11     41905
weighted avg       0.34      0.12      0.11     41905

--------------------------------------------------
Results for MLP Training: accuracy=0.23925384615384615
Results for MLP Testing: accuracy=0.15065028039613412
              precision    recall  f1-score   support

           1       0.29      0.22      0.25      7120
           2       0.21      0.36      0.26      3589
           3       0.16      0.30      0.21      3473
           4       0.12      0.31      0.17      1980
           5       0.14      0.32      0.20      1963
           6       0.06      0.12      0.08      1269
           7       0.10      0.36      0.15      1268
           8       0.05      0.07      0.06      1198
           9       0.04      0.17      0.06      1016
          10       0.52      0.02      0.03     19029

    accuracy                           0.15     41905
   macro avg       0.17      0.22      0.15     41905
weighted avg       0.34      0.15      0.12     41905

--------------------------------------------------
Results for HMM Training: accuracy=0.10025384615384615
Results for HMM Testing: accuracy=0.02586803484071113