Results for SVM Training: accuracy=0.3064965405696828
Results for SVM Testing: accuracy=0.28531208817539233
              precision    recall  f1-score   support

           1       0.28      0.35      0.31      2000
           2       0.28      0.56      0.37      2000
           3       0.29      0.41      0.34      2000
           4       0.30      0.41      0.34      1980
           5       0.34      0.35      0.34      1963
           6       0.28      0.03      0.05      1269
           7       0.36      0.14      0.20      1268
           8       0.30      0.02      0.04      1198
           9       0.33      0.03      0.06      1016
          10       0.19      0.17      0.18      2000

    accuracy                           0.29     16694
   macro avg       0.29      0.25      0.23     16694
weighted avg       0.29      0.29      0.25     16694

--------------------------------------------------
Results for MultinomialNB Training: accuracy=0.2211938778566508
Results for MultinomialNB Testing: accuracy=0.22696777285252187
              precision    recall  f1-score   support

           1       0.26      0.24      0.25      2000
           2       0.23      0.48      0.31      2000
           3       0.23      0.41      0.30      2000
           4       0.30      0.31      0.31      1980
           5       0.21      0.25      0.23      1963
           6       0.13      0.08      0.10      1269
           7       0.15      0.09      0.11      1268
           8       0.14      0.06      0.09      1198
           9       0.17      0.07      0.10      1016
          10       0.18      0.04      0.06      2000

    accuracy                           0.23     16694
   macro avg       0.20      0.20      0.18     16694
weighted avg       0.21      0.23      0.20     16694

--------------------------------------------------
Results for MLP Training: accuracy=0.29313804774313357
Results for MLP Testing: accuracy=0.28051994728645024
              precision    recall  f1-score   support

           1       0.28      0.33      0.30      2000
           2       0.29      0.52      0.38      2000
           3       0.27      0.45      0.33      2000
           4       0.31      0.37      0.34      1980
           5       0.31      0.38      0.34      1963
           6       0.20      0.08      0.11      1269
           7       0.29      0.16      0.21      1268
           8       0.26      0.05      0.08      1198
           9       0.35      0.02      0.05      1016
          10       0.19      0.11      0.14      2000

    accuracy                           0.28     16694
   macro avg       0.27      0.25      0.23     16694
weighted avg       0.27      0.28      0.25     16694

--------------------------------------------------
Results for HMM Training: accuracy=0.12006170066193429
Results for HMM Testing: accuracy=0.11956391517910626