Results for SVM Training: accuracy=0.3471076923076923
Results for SVM Testing: accuracy=0.20221930557212744
              precision    recall  f1-score   support

           1       0.39      0.26      0.31      7120
           2       0.22      0.44      0.29      3589
           3       0.22      0.33      0.26      3473
           4       0.16      0.33      0.22      1980
           5       0.18      0.31      0.23      1963
           6       0.06      0.17      0.09      1269
           7       0.10      0.37      0.16      1268
           8       0.06      0.17      0.09      1198
           9       0.05      0.20      0.09      1016
          10       0.62      0.08      0.14     19029

    accuracy                           0.20     41905
   macro avg       0.21      0.27      0.19     41905
weighted avg       0.41      0.20      0.20     41905

--------------------------------------------------
Results for MultinomialNB Training: accuracy=0.19784615384615384
Results for MultinomialNB Testing: accuracy=0.14520940221930556
              precision    recall  f1-score   support

           1       0.35      0.19      0.25      7120
           2       0.17      0.41      0.24      3589
           3       0.16      0.36      0.22      3473
           4       0.14      0.24      0.18      1980
           5       0.10      0.20      0.13      1963
           6       0.05      0.11      0.07      1269
           7       0.06      0.14      0.09      1268
           8       0.05      0.09      0.07      1198
           9       0.04      0.21      0.07      1016
          10       0.57      0.02      0.05     19029

    accuracy                           0.15     41905
   macro avg       0.17      0.20      0.14     41905
weighted avg       0.36      0.15      0.12     41905

--------------------------------------------------
Results for MLP Training: accuracy=0.3452769230769231
Results for MLP Testing: accuracy=0.17176947858250805
              precision    recall  f1-score   support

           1       0.40      0.21      0.27      7120
           2       0.23      0.39      0.29      3589
           3       0.21      0.28      0.24      3473
           4       0.16      0.31      0.21      1980
           5       0.17      0.31      0.22      1963
           6       0.05      0.15      0.08      1269
           7       0.10      0.35      0.16      1268
           8       0.05      0.20      0.08      1198
           9       0.04      0.23      0.07      1016
          10       0.60      0.05      0.10     19029

    accuracy                           0.17     41905
   macro avg       0.20      0.25      0.17     41905
weighted avg       0.40      0.17      0.17     41905

--------------------------------------------------
Results for HMM Training: accuracy=0.05407692307692308
Results for HMM Testing: accuracy=0.019782842142942368