Results for SVM Training: accuracy=0.23753257255818133
Results for SVM Testing: accuracy=0.22157661435246195
              precision    recall  f1-score   support

           1       0.18      0.26      0.21      2000
           2       0.27      0.41      0.32      2000
           3       0.21      0.33      0.26      2000
           4       0.23      0.43      0.30      1980
           5       0.26      0.32      0.28      1963
           6       0.15      0.00      0.00      1269
           7       0.31      0.01      0.02      1268
           8       0.12      0.00      0.00      1198
           9       0.44      0.00      0.01      1016
          10       0.16      0.10      0.12      2000

    accuracy                           0.22     16694
   macro avg       0.23      0.19      0.15     16694
weighted avg       0.23      0.22      0.18     16694

--------------------------------------------------
Results for MultinomialNB Training: accuracy=0.16749034055171175
Results for MultinomialNB Testing: accuracy=0.16874326105187493
              precision    recall  f1-score   support

           1       0.18      0.12      0.14      2000
           2       0.19      0.28      0.22      2000
           3       0.15      0.31      0.20      2000
           4       0.19      0.34      0.24      1980
           5       0.16      0.22      0.19      1963
           6       0.09      0.00      0.01      1269
           7       0.13      0.02      0.03      1268
           8       0.12      0.04      0.06      1198
           9       0.13      0.02      0.03      1016
          10       0.15      0.10      0.12      2000

    accuracy                           0.17     16694
   macro avg       0.15      0.14      0.13     16694
weighted avg       0.16      0.17      0.14     16694

--------------------------------------------------
Results for MLP Training: accuracy=0.23155719291939977
Results for MLPTesting: accuracy=0.2240924883191566
              precision    recall  f1-score   support

           1       0.20      0.18      0.19      2000
           2       0.27      0.42      0.33      2000
           3       0.20      0.41      0.27      2000
           4       0.23      0.42      0.29      1980
           5       0.24      0.37      0.29      1963
           6       0.00      0.00      0.00      1269
           7       0.21      0.01      0.01      1268
           8       0.10      0.00      0.00      1198
           9       0.09      0.00      0.00      1016
          10       0.17      0.08      0.11      2000

    accuracy                           0.22     16694
   macro avg       0.17      0.19      0.15     16694
weighted avg       0.18      0.22      0.18     16694

--------------------------------------------------
Results for HMM Training: accuracy=0.11980711055201126
Results for HMM Testing: accuracy=0.11980352222355337